1712436272
7
0
1
Yoram
22
1
1
1
2
Herzel
35
10
1
1
3
Shalev
28
2
0
1
4
Rinat
29
6
2
1
5
Dana
45
20
1
0
20
Maxim
25
3
2
1
8
Jason
19
1
2
3
1010
Jordan
0523658787
Tel Aviv
Disingof
57
1011
Yossi
0526549879
Ramat Gan
Alexandroni
6
3036
Jim
0526259874
Tel Aviv
Hana
3
2
A1B2C3D
1
1010
2
06/05/2027 12:30
1
1
60
500
1200
60
05/09/2025 14:45
3
2
120
1021
1900
20
BBCA432
1
1011
0
5
13/04/2024 23:59
8
90
10
07/08/2024 13:30
2
55
30
05/06/2025 12:45
2
50
25
06/07/2025 09:00
5
50
20
08/09/2027 12:30
5
70
20
